A	T	C	G
0.227	0.371	0.251	0.15
0.212	0.382	0.256	0.15
0.199	0.395	0.258	0.148
0.18	0.408	0.265	0.147
0.161	0.427	0.27	0.142
0.144	0.444	0.273	0.139
0.132	0.457	0.276	0.135
0.12	0.466	0.285	0.128
0.111	0.486	0.281	0.122
0.101	0.504	0.279	0.116
0.093	0.521	0.28	0.105
0.084	0.555	0.26	0.1
0.086	0.523	0.284	0.107
0.096	0.496	0.295	0.112
0.106	0.465	0.326	0.103
0.113	0.463	0.336	0.089
0.084	0.51	0.345	0.061
0.087	0.556	0.297	0.06
0.238	0.283	0.272	0.206
0.056	0.292	0.65	0.002
1.0	0.0	0.0	0.0
0.0	0.0	0.0	1.0
